<<<<<<< HEAD
0,0,0,63,4,0,0,28,409,7
221010000,0,0,0,1,0,1,1,1,1
201210000,0,3,0,0,0,0,1,1,1
102210000,0,2,0,0,0,1,0,4,0
211020000,0,0,0,1,0,1,1,1,1
201120000,0,1,0,0,0,2,1,1,1
102120000,0,1,0,0,0,1,1,1,1
212121000,0,0,0,0,0,0,1,1,1
22010100,0,0,0,21,0,7,0,1,1
2210100,1,1,0,0,0,1,0,1,1
12020100,1,0,0,1,0,1,0,1,1
221120100,0,0,0,0,0,4,0,1,1
2120100,1,1,0,0,0,1,0,1,1
112220100,0,0,0,0,0,1,0,2,4
200021100,0,1,1,1,0,0,0,1,1
221021100,0,0,0,1,0,0,0,1,1
122021100,0,0,0,1,0,0,0,1,1
201221100,0,1,0,0,0,0,0,1,1
102221100,0,1,0,0,0,0,0,1,1
200012100,0,4,0,0,0,0,0,0,5
211022100,0,0,0,1,0,0,0,1,1
112022100,0,0,0,1,0,0,0,1,4
201122100,0,1,0,0,0,0,0,1,1
121021200,0,0,0,1,0,0,0,1,1
210121200,0,0,1,0,0,0,0,1,1
101221200,0,2,0,0,0,0,0,1,1
101122200,0,1,0,0,0,0,0,1,1
20201010,1,0,4,0,5,0,1,0,1
202121010,0,1,0,0,0,0,1,0,1
10202010,1,0,1,0,1,0,1,0,1
201022110,0,4,0,1,0,0,0,0,1
102022110,0,1,0,4,0,0,0,0,4
101022210,0,2,0,1,0,0,0,0,1
210000000,0,0,2,0,2,25,1,1,1
2100000,0,4,0,0,1,1,26,0,1
212100000,0,0,0,0,1,1,1,1,1
202101000,0,1,0,0,1,0,1,1,1
221000100,0,0,0,1,4,10,0,1,1
122000100,0,0,0,1,1,1,0,1,0
102200100,0,1,0,0,2,1,0,1,1
201002100,0,1,0,0,7,0,0,1,3
102002100,0,1,0,1,0,0,0,1,1
12100200,1,0,0,0,1,1,0,1,1
210001200,0,0,1,1,1,0,0,1,1
12001200,1,0,0,1,1,0,0,16,1
200101200,0,1,1,0,1,0,0,1,1
2101200,1,1,0,0,1,0,0,1,1
101002200,0,1,0,1,1,0,0,1,2
202000101,0,1,0,1,1,1,0,1,0
102000201,0,1,0,1,1,1,0,1,0
212100201,0,0,0,0,1,1,0,1,0
212001201,0,0,0,4,1,0,0,1,0
202101201,0,1,0,0,1,0,0,1,0
202001211,0,1,0,4,1,0,0,0,0
20100000,0,0,6,0,1,61,0,53,1
212010000,0,0,0,1,0,1,1,1,1
202110000,0,1,0,0,0,1,1,1,1
201000,0,5,25,0,1,0,1,9,30
212000100,0,0,0,2,1,1,0,1,1
202100100,0,1,0,0,4,1,0,1,4
201020100,0,1,0,1,0,1,0,1,1
102020100,0,1,0,1,0,1,0,1,1
202001100,0,1,0,1,1,0,0,1,1
212201100,0,0,0,0,1,0,0,1,1
212102100,0,0,0,0,2,0,0,2,1
112000200,0,0,0,1,1,1,0,1,4
12010200,0,0,0,0,0,1,0,1,8
201001200,0,1,0,1,1,0,0,1,1
102001200,0,1,0,2,4,0,0,1,1
221101200,0,0,0,0,1,0,0,0,1
212101200,0,0,0,0,1,0,0,1,1
122101200,0,0,0,0,1,0,0,1,1
112201200,0,0,0,0,1,0,0,1,1
200011200,0,1,0,1,0,0,0,1,1
211102200,0,0,0,0,1,0,0,1,1
112102200,0,0,0,0,4,0,0,4,4
120221010,0,0,4,0,0,0,1,0,1
21221010,0,0,0,0,0,0,1,0,21
202201110,0,4,0,0,1,0,0,0,1
212002110,0,0,0,0,1,0,0,0,10
202102110,0,1,0,0,1,0,0,0,1
20122110,1,0,0,0,0,0,0,0,1
212001210,0,0,0,1,1,0,0,0,1
122001210,0,0,0,2,1,0,0,0,1
211002210,0,0,0,1,1,0,0,0,1
112002210,0,0,0,0,19,0,0,0,1
201102210,0,2,0,0,4,0,0,0,1
102102210,0,4,0,0,4,0,0,0,4
221200101,0,0,0,0,1,1,0,1,0
212200101,0,0,0,0,0,1,0,1,0
122200101,0,0,0,0,1,1,0,1,0
212020101,0,0,0,1,0,1,0,1,0
202120101,0,1,0,0,0,1,0,1,0
202201101,0,1,0,0,2,0,0,1,0
201202101,0,1,0,0,1,0,0,1,0
122100201,0,0,0,0,1,1,0,1,0
122001201,0,0,0,0,1,0,0,4,0
102201201,0,0,0,0,1,0,0,3,0
211002201,0,0,0,1,1,0,0,1,0
121002201,0,0,0,1,1,0,0,1,0
201102201,0,1,0,0,1,0,0,1,0
200010000,0,0,1,1,0,3,0,0,0
221201100,0,0,0,0,1,0,0,1,1
122201100,0,0,0,0,1,0,0,2,1
221102100,0,0,0,0,4,0,0,7,1
211202100,0,0,0,0,1,0,0,1,1
121202100,0,0,0,0,1,0,0,1,1
112202100,0,0,0,0,1,0,0,1,7
121201200,0,0,0,0,1,0,0,1,1
121102200,0,0,0,0,1,0,0,1,1
221201010,0,0,0,0,1,0,1,0,1
212201010,0,0,0,0,4,0,1,0,1
122201010,0,0,0,0,3,0,10,0,1
211202010,0,0,0,0,1,0,1,0,1
22201110,1,0,0,0,1,0,0,0,13
221002110,0,0,0,1,1,0,0,0,1
122002110,0,0,0,1,1,0,0,0,1
220102110,0,0,1,0,1,0,0,0,1
22102110,1,0,0,0,1,0,0,0,1
210202110,0,0,0,0,4,0,0,0,1
201202110,0,1,0,0,1,0,0,0,1
102202110,0,1,0,0,4,0,0,0,7
12202110,1,0,0,0,31,0,0,0,1
22101210,1,0,0,0,4,0,0,0,1
121002210,0,0,0,4,1,0,0,0,2
210102210,0,0,1,0,1,0,0,0,1
120102210,0,0,1,0,1,0,0,0,2
21102210,1,0,0,0,1,0,0,0,1
101202210,0,1,0,0,1,0,0,0,1
211002120,0,0,0,0,1,0,0,0,0
121002120,0,0,0,1,1,0,0,0,0
112002120,0,0,0,1,0,0,0,0,4
20121000,1,0,1,0,0,0,1,1,1
221121000,0,0,0,0,0,0,1,1,1
10221000,1,0,1,0,0,0,1,1,1
211221000,0,0,0,0,0,0,1,1,1
112221000,0,0,0,0,0,0,1,1,1
121220100,0,0,0,0,0,1,0,1,1
220121100,0,0,1,0,0,0,0,1,1
22121100,1,0,0,0,0,0,0,4,1
210221100,0,0,1,0,0,0,0,1,1
12221100,1,0,0,0,0,0,0,1,1
121022100,0,0,0,1,0,0,0,1,1
210122100,0,0,1,0,0,0,0,1,1
12122100,1,0,0,0,0,0,0,1,1
120121200,0,0,7,0,0,0,0,1,1
21121200,0,0,0,0,0,0,0,1,1
110221200,0,0,1,0,0,0,0,1,1
11221200,1,0,0,0,0,0,0,1,1
110122200,0,0,1,0,0,0,0,35,1
11122200,1,0,0,0,0,0,0,0,1
201221010,0,1,0,0,0,0,1,0,1
102221010,0,3,0,0,0,0,4,0,1
121202010,0,0,0,0,1,0,4,0,1
120202110,0,0,0,0,1,0,0,0,1
21202110,1,0,0,0,1,0,0,0,1
210022110,0,0,22,4,0,0,0,0,10
101022120,0,13,0,1,0,0,0,0,1
201000000,0,1,0,2,1,12,4,0,4
20010000,0,0,19,3,0,0,7,1,0
120210000,0,0,1,0,0,1,1,1,1
21210000,0,0,0,0,0,1,1,1,4
20211000,1,0,1,0,0,0,15,1,0
100212000,0,1,0,0,0,0,0,3,1
10212000,0,0,0,0,0,0,1,1,1
2000100,1,19,0,2,1,7,0,0,1
20012100,0,0,1,1,0,0,0,1,1
120000000,0,0,27,11,2,35,14,0,0
1200000,1,4,0,0,0,22,6,0,91
121200000,0,0,0,0,1,1,1,1,1
100020000,0,1,1,1,0,1,1,1,1
120120000,0,0,1,0,0,1,1,1,1
21120000,1,0,0,0,0,1,0,1,1
11220000,1,0,0,0,0,1,1,1,1
220101000,0,0,1,0,1,0,1,1,1
210201000,0,0,1,0,1,0,1,1,1
12201000,0,0,0,0,1,0,1,5,2
100221000,0,1,1,0,0,0,2,1,1
1221000,1,1,0,0,0,0,1,1,1
101202000,0,1,0,0,1,0,1,0,1
21200100,1,0,0,0,13,1,0,1,0
212120100,0,0,0,0,0,4,0,1,1
20021100,1,0,1,1,0,0,0,1,1
212021100,0,0,0,1,0,0,0,1,1
202121100,0,1,0,0,0,0,0,1,1
120002100,0,0,1,1,1,0,0,1,1
21002100,1,0,0,0,1,0,0,1,1
100202100,0,1,1,0,1,0,0,1,1
1202100,1,0,0,0,4,0,0,1,0
20101200,1,0,1,0,1,0,0,1,1
10201200,1,0,1,0,1,0,0,1,1
211021200,0,0,0,1,0,0,0,1,1
201121200,0,1,0,0,0,0,0,1,1
10102200,1,0,1,0,6,0,0,1,4
202021110,0,1,0,1,0,0,0,0,1
221020101,0,0,0,1,0,1,0,1,0
102220101,0,1,0,0,0,7,0,1,0
212010201,0,0,0,1,0,1,0,1,0
202011201,0,10,0,1,0,0,0,1,0
202010100,0,1,0,1,0,1,0,1,1
212210100,0,0,0,0,0,1,0,2,1
202211100,0,1,0,0,0,0,0,1,2
212012100,0,0,0,1,0,0,0,7,1
202112100,0,1,0,0,0,0,0,1,1
102010200,0,1,0,1,0,1,0,1,1
212110200,0,0,0,0,0,0,0,1,1
122110200,0,0,0,0,0,1,0,1,1
221011200,0,0,0,1,0,0,0,1,4
212011200,0,0,0,1,0,0,0,1,0
122011200,0,0,0,1,0,0,0,1,1
102211200,0,1,0,0,0,0,0,1,1
211012200,0,0,0,1,0,0,0,1,0
112012200,0,0,0,1,0,0,0,10,1
201112200,0,6,0,0,0,0,0,1,1
102112200,0,1,0,0,0,0,0,1,1
202012110,0,1,0,1,0,0,0,0,1
202011210,0,1,0,1,0,0,0,0,1
201012210,0,1,0,1,0,0,0,0,1
102012210,0,1,0,1,0,0,0,0,13
202210101,0,1,0,0,0,0,0,1,0
201012201,0,1,0,1,0,0,0,1,0
221100000,0,0,0,0,1,1,1,0,1
122100000,0,0,0,0,1,1,1,1,4
211200000,0,0,0,0,1,1,1,1,1
112200000,0,0,0,0,7,1,1,0,1
220110000,0,0,7,0,0,1,1,1,0
22110000,1,0,0,0,0,1,0,1,1
12210000,1,0,0,0,0,1,0,5,0
10020000,1,0,1,0,0,1,1,1,1
121020000,0,0,0,1,0,1,1,1,1
210120000,0,0,1,0,0,1,1,1,1
12120000,1,0,0,0,0,1,1,1,1
101220000,0,1,0,0,0,1,1,1,1
120201000,0,0,4,0,1,0,10,0,1
201201000,0,1,0,0,1,0,1,1,4
21201000,1,0,0,0,2,0,13,1,1
102201000,0,1,0,0,5,0,1,1,5
200211000,0,1,1,0,0,0,4,1,1
221211000,0,0,0,0,0,0,1,0,1
2211000,0,1,0,0,0,0,1,28,17
122211000,0,0,0,0,0,0,1,1,1
200121000,0,1,1,0,0,0,1,1,1
121221000,0,0,0,0,0,0,1,1,1
110202000,0,0,7,0,10,0,0,1,28
211212000,0,0,0,0,0,0,1,1,0
22100100,1,0,0,0,9,1,0,4,1
12200100,0,0,0,0,1,1,0,1,1
21020100,1,0,0,1,0,1,0,1,1
220001100,0,0,1,1,1,0,0,0,4
22001100,0,0,0,2,4,0,0,1,0
200201100,0,4,1,0,1,0,0,12,1
20201100,1,0,4,0,48,0,0,9,8
2201100,1,0,0,0,0,0,0,2,1
220211100,0,0,4,0,0,0,0,1,1
22211100,0,0,0,0,0,0,0,1,1
120221100,0,0,10,0,0,0,0,1,1
21221100,0,0,0,0,0,0,0,1,1
210002100,0,0,15,1,5,0,0,1,0
200102100,0,1,1,0,3,0,0,1,1
20102100,1,0,0,0,1,0,0,1,1
2102100,0,0,0,0,1,0,0,1,1
10202100,0,0,13,0,16,0,0,1,0
220112100,0,0,4,0,0,0,0,0,1
22112100,1,0,0,0,0,0,0,1,7
210212100,0,0,1,0,0,0,0,1,1
12212100,1,0,0,0,0,0,0,1,4
100022100,0,0,1,1,0,0,0,1,1
21122100,1,0,0,0,0,0,0,1,1
120001200,0,0,1,1,4,0,0,1,2
21001200,1,0,0,1,1,0,0,0,1
20011200,0,0,1,4,0,0,0,1,0
120211200,0,0,1,0,0,0,0,10,8
21211200,0,0,0,0,0,0,0,1,13
10021200,1,0,1,1,0,0,0,1,1
110002200,0,0,34,1,50,0,0,0,0
120112200,0,0,0,0,0,0,0,1,10
21112200,1,0,0,0,0,0,0,13,4
110212200,0,0,1,0,0,0,0,1,0
11212200,1,0,0,0,0,0,0,4,0
220121010,0,0,1,0,0,0,1,0,1
12221010,0,0,0,0,0,0,4,0,1
201212010,0,0,0,0,0,0,1,0,0
220012110,0,0,1,0,0,0,0,0,1
120022110,0,0,1,25,0,0,0,0,0
120012210,0,0,1,1,0,0,0,0,11
212211000,0,0,0,0,0,0,1,1,1
121212000,0,0,0,0,0,0,1,1,1
122210100,0,0,0,0,0,10,0,1,1
122012100,0,0,0,1,0,0,0,1,4
120212100,0,0,1,0,0,0,0,1,1
102212100,0,1,0,0,0,0,0,1,1
12211200,1,0,0,0,0,0,0,7,1
121012200,0,0,0,1,0,0,0,1,1
210112200,0,0,0,0,0,0,0,14,1
12112200,1,0,0,0,0,0,0,1,1
101212200,0,2,0,0,0,0,0,1,1
220211010,0,0,1,0,0,0,1,0,1
202211010,0,1,0,0,0,0,1,0,1
22211010,0,0,0,0,0,0,10,0,1
120212010,0,0,4,0,0,0,0,0,4
20212110,1,0,4,0,0,0,0,0,1
20112210,1,0,4,0,0,0,0,0,8
101212020,0,1,0,0,0,0,1,0,0
102012120,0,0,0,1,0,0,0,0,1
=======
101022210,0,47,0,253,0,0,0,0,0
102022110,0,0,0,1,0,0,0,0,316
201022110,0,1,0,1,0,0,0,0,1
10202010,1,0,1,0,1,0,1,0,1
202121010,0,1,0,0,0,0,4,0,1
20201010,1,0,1,0,1,0,3,0,1
101122200,0,1,0,0,0,0,0,0,1
101221200,0,1,0,0,0,0,0,0,0
210121200,0,0,1,0,0,0,0,1,19
121021200,0,0,0,1,0,0,0,1,1
201122100,0,1,0,0,0,0,0,13,1
112022100,0,0,0,1,0,0,0,1,175
211022100,0,0,0,4,0,0,0,55,1
200012100,0,1,1,1,0,0,0,1,1
102221100,0,2,0,0,0,0,0,138,6
201221100,0,0,0,0,0,0,0,1,1
122021100,0,0,0,1,0,0,0,1,1
221021100,0,0,0,1,0,0,0,1,1
200021100,0,100,97,0,0,0,0,19,1
112220100,0,0,0,0,0,136,0,1,1
2120100,1,1,0,0,0,7,0,0,4
221120100,0,0,0,0,0,1,0,13,1
12020100,0,0,0,1,0,8,0,4,1
2210100,1,1,0,0,0,1,0,1,1
22010100,0,0,0,461,0,1,0,3,4
212121000,0,0,0,0,0,0,1,1,4
102120000,0,0,0,0,0,0,130,0,0
201120000,0,46,0,0,0,47,1,136,1
211020000,0,0,0,64,0,31,7,82,55
102210000,0,1,0,0,0,1,15,82,1
201210000,0,109,0,0,0,94,1,1,1
221010000,0,0,0,1,0,1,1,1,1
0,0,0,5919,0,0,0,7477,5005,2711
202001211,0,127,0,1,1,0,0,0,0
202101201,0,7,0,0,7,0,0,0,0
212001201,0,0,0,1,1,0,0,1,0
212100201,0,0,0,0,1,1,0,1,0
102000201,0,1,0,0,58,0,0,1,0
202000101,0,25,0,1,2,1,0,5,0
101002200,0,1,0,1,1,0,0,1,1
2101200,0,1,0,0,1,0,0,1,1
200101200,0,117,82,0,82,0,0,1,21
12001200,1,0,0,1,1,0,0,1,1
210001200,0,0,1,1,4,0,0,112,1
12100200,1,0,0,0,1,1,0,1,1
102002100,0,1,0,249,300,0,0,3,10
201002100,0,1,0,1,4,0,0,327,1
102200100,0,175,0,0,328,1,0,9,53
122000100,0,0,0,1,1,1,0,1,1
221000100,0,0,0,1,1,1,0,1,1
202101000,0,1,0,0,1,0,1,1,1
212100000,0,0,0,0,1,1,0,0,1
2100000,1,138,0,0,87,2467,1,10,1816
210000000,0,0,0,1506,68,2191,0,469,0
201102201,0,1,0,0,83,0,0,47,0
121002201,0,0,0,1,1,0,0,1,0
211002201,0,0,0,58,4,0,0,1,0
102201201,0,1,0,0,1,0,0,1,0
122001201,0,0,0,0,25,0,0,1,0
122100201,0,0,0,0,13,0,0,0,0
201202101,0,1,0,0,1,0,0,1,0
202201101,0,1,0,0,1,0,0,1,0
202120101,0,1,0,0,0,0,0,7,0
212020101,0,0,0,1,0,6,0,4,0
122200101,0,0,0,0,1,0,0,0,0
212200101,0,0,0,0,1,1,0,2,0
221200101,0,0,0,0,1,1,0,1,0
102102210,0,280,0,0,1,0,0,0,1
201102210,0,1,0,0,1,0,0,0,13
112002210,0,0,0,1,1,0,0,0,262
211002210,0,0,0,1,19,0,0,0,1
122001210,0,0,0,1,58,0,0,0,422
212001210,0,0,0,1,1,0,0,0,21
20122110,1,0,1,0,0,0,0,0,0
202102110,0,1,0,0,1,0,0,0,1
212002110,0,0,0,1,1,0,0,0,106
202201110,0,1,0,0,114,0,0,0,1
21221010,1,0,0,0,0,0,2,0,1
120221010,0,0,1,0,0,0,1,0,1
112102200,0,0,0,0,148,0,0,1,1
211102200,0,0,0,0,149,0,0,1,1
200011200,0,79,0,436,0,0,0,24,1
112201200,0,0,0,0,16,0,0,802,1
122101200,0,0,0,0,202,0,0,0,0
212101200,0,0,0,0,7,0,0,1,76
221101200,0,0,0,0,16,0,0,1,0
102001200,0,29,0,280,4,0,0,76,1
201001200,0,0,0,871,44,0,0,0,1
12010200,1,0,0,1,0,1,0,1,1
112000200,0,0,0,69,40,4,0,163,112
212102100,0,0,0,0,2,0,0,3,1
212201100,0,0,0,0,1,0,0,1,148
202001100,0,19,0,0,0,0,0,19,1
102020100,0,0,0,57,0,0,0,0,13
201020100,0,1,0,0,0,1,0,55,1
202100100,0,28,0,0,10,1,0,4,43
212000100,0,0,0,1,10,1,0,1,2
201000,0,1,4,0,67,0,0,399,97
202110000,0,1,0,0,0,1,1,1,1
212010000,0,0,0,1,0,1,1,1,1
20100000,0,0,952,0,1,8,1,0,1
112002120,0,0,0,1,1,0,0,0,1
121002120,0,0,0,1,1,0,0,0,1
211002120,0,0,0,1,328,0,0,0,1
101202210,0,8,0,0,1,0,0,0,0
21102210,1,0,0,0,1,0,0,0,1
120102210,0,0,148,0,1,0,0,0,1
210102210,0,0,1,0,4,0,0,0,1
121002210,0,0,0,2,2,0,0,0,3
22101210,0,0,0,0,412,0,0,0,4
12202110,1,0,0,0,1,0,0,0,205
102202110,0,276,0,0,1,0,0,0,1
201202110,0,1,0,0,1,0,0,0,1
210202110,0,0,1,0,4,0,0,0,0
22102110,1,0,0,0,0,0,0,0,4
220102110,0,0,1,0,1,0,0,0,1
122002110,0,0,0,1,1,0,0,0,124
221002110,0,0,0,1,1,0,0,0,1
22201110,0,0,0,0,41,0,0,0,1
211202010,0,0,0,0,1,0,346,0,1
122201010,0,0,0,0,9,0,6,0,7
212201010,0,0,0,0,4,0,4,0,1
221201010,0,0,0,0,0,0,7,0,1
121102200,0,0,0,0,6,0,0,4,1
121201200,0,0,0,0,0,0,0,1,91
112202100,0,0,0,0,70,0,0,1,1
121202100,0,0,0,0,1,0,0,1,1
211202100,0,0,0,0,1,0,0,1,1
221102100,0,0,0,0,1,0,0,1,1
122201100,0,0,0,0,1,0,0,4,1
221201100,0,0,0,0,0,0,0,1,4
200010000,0,7,1,1194,0,0,1,1,1
101022120,0,1,0,1,0,0,0,0,1
210022110,0,0,1,73,0,0,0,0,1
21202110,0,0,0,0,1,0,0,0,1
120202110,0,0,142,0,1,0,0,0,1
121202010,0,0,0,0,1,0,11,0,2
102221010,0,2,0,0,0,0,55,0,44
201221010,0,1,0,0,0,0,4,0,1
11122200,1,0,0,0,0,0,0,3,7
110122200,0,0,136,0,0,0,0,1,1
11221200,1,0,0,0,0,0,0,1,1
110221200,0,0,1,0,0,0,0,0,1
21121200,1,0,0,0,0,0,0,1,16
120121200,0,0,1,0,0,0,0,238,1
12122100,0,0,0,0,0,0,0,12,433
210122100,0,0,1,0,0,0,0,1,487
121022100,0,0,0,1,0,0,0,1,0
12221100,0,0,0,0,0,0,0,8,292
210221100,0,0,1,0,0,0,0,2,16
22121100,1,0,0,0,0,0,0,1,319
220121100,0,0,1,0,0,0,0,94,1
121220100,0,0,0,0,0,1,0,1,1
112221000,0,0,0,0,0,0,190,1,1
211221000,0,0,0,0,0,0,106,1,1
10221000,1,0,4,0,0,0,1,2,40
221121000,0,0,0,0,0,0,0,16,16
20121000,1,0,1,0,0,0,1,1,1
20012100,1,0,1,1,0,0,0,1,1
2000100,1,1946,0,1,0,4,0,10,1
10212000,1,0,1,0,0,0,1,0,1
100212000,0,0,121,0,0,0,0,25,1
20211000,0,0,6,0,0,0,1,85,85
21210000,0,0,0,0,0,8,0,1,172
120210000,0,0,1,0,0,1,1,1,1
20010000,1,0,1,1,0,136,1,4,4
201000000,0,0,0,0,865,2100,222,0,1029
202011201,0,7,0,100,0,0,0,1,0
212010201,0,0,0,1,0,2,0,1,0
102220101,0,1,0,0,0,1,0,142,0
221020101,0,0,0,1,0,1,0,1,0
202021110,0,43,0,0,0,0,0,0,4
10102200,0,0,2,0,128,0,0,45,10
201121200,0,1,0,0,0,0,0,1,79
211021200,0,0,0,4,0,0,0,1,10
10201200,0,0,1048,0,2,0,0,0,1
20101200,0,0,307,0,1,0,0,0,1
1202100,1,1,0,0,1,0,0,1,1
100202100,0,64,28,0,4,0,0,130,70
21002100,0,0,0,1,109,0,0,0,1
120002100,0,0,0,52,1,0,0,1,19
202121100,0,1,0,0,0,0,0,91,1
212021100,0,0,0,2,0,0,0,1,10
20021100,1,0,37,181,0,0,0,268,1
212120100,0,0,0,0,0,1,0,2,1
21200100,0,0,0,0,16,0,0,1,1
101202000,0,11,0,0,382,0,1,0,0
1221000,0,1,0,0,0,0,22,0,1
100221000,0,1,1,0,0,0,1,1,1
12201000,0,0,0,0,1,0,205,16,1
210201000,0,0,4,0,1,0,445,12,43
220101000,0,0,85,0,1,0,0,85,1
11220000,0,0,0,0,0,1,1,0,49
21120000,1,0,0,0,0,1,1,1,1
120120000,0,0,1,0,0,1,1,1,1
100020000,0,1,1,1,0,0,1,1,1
121200000,0,0,0,0,0,3,1,427,2
1200000,0,1,0,0,1333,0,4,0,1
120000000,0,0,0,589,1,222,54,1146,0
201012201,0,1,0,1,0,0,0,1,0
202210101,0,1,0,0,0,1,0,1,0
102012210,0,1,0,1,0,0,0,0,118
201012210,0,1,0,1,0,0,0,0,1
202011210,0,1,0,1,0,0,0,0,1
202012110,0,115,0,1,0,0,0,0,1
102112200,0,46,0,0,0,0,0,0,163
201112200,0,1,0,0,0,0,0,2,143
112012200,0,0,0,0,0,0,0,1,1
211012200,0,0,0,148,0,0,0,1,1
102211200,0,3,0,0,0,0,0,0,78
122011200,0,0,0,1,0,0,0,1,1
212011200,0,0,0,1,0,0,0,1,0
221011200,0,0,0,7,0,0,0,1,0
122110200,0,0,0,0,0,100,0,1,1
212110200,0,0,0,0,0,1,0,1,0
102010200,0,1,0,13,0,1,0,116,79
202112100,0,1,0,0,0,0,0,7,1
212012100,0,0,0,1,0,0,0,1,1
202211100,0,1,0,0,0,0,0,1,1
212210100,0,0,0,0,0,1,0,1,0
202010100,0,1,0,1,0,4,0,10,13
120012210,0,0,1,3,0,0,0,0,6
120022110,0,0,1,1,0,0,0,0,1
220012110,0,0,1,1,0,0,0,0,1
201212010,0,1,0,0,0,0,160,0,1
12221010,1,0,0,0,0,0,88,0,1
220121010,0,0,4,0,0,0,1,0,1
11212200,1,0,0,0,0,0,0,747,1
110212200,0,0,1,0,0,0,0,1,1
21112200,1,0,0,0,0,0,0,4,1
120112200,0,0,481,0,0,0,0,1,7
110002200,0,0,1,1,4,0,0,0,1
10021200,1,0,34,1,0,0,0,0,1
21211200,1,0,0,0,0,0,0,0,7
120211200,0,0,1,0,0,0,0,53,1
20011200,1,0,1,1,0,0,0,1,1
21001200,0,0,0,1,4,0,0,1,1
120001200,0,0,0,1,208,0,0,190,1
21122100,0,0,0,0,0,0,0,115,1
100022100,0,1,175,55,0,0,0,0,4
12212100,0,0,0,0,0,0,0,82,1
210212100,0,0,1,0,0,0,0,1,0
22112100,1,0,0,0,0,0,0,31,1
220112100,0,0,85,0,0,0,0,1,1
10202100,0,0,10,0,10,0,0,7,154
2102100,0,19,0,0,298,0,0,13,169
20102100,1,0,1,0,1,0,0,0,1
200102100,0,7,1,0,1,0,0,28,7
210002100,0,0,1,0,424,0,0,16,115
21221100,0,0,0,0,0,0,0,58,139
120221100,0,0,1,0,0,0,0,16,1
22211100,1,0,0,0,0,0,0,1,170
220211100,0,0,1,0,0,0,0,517,1
2201100,1,2,0,0,3,0,0,4,1
20201100,0,0,1,0,16,0,0,1,1
200201100,0,115,145,0,0,0,0,10,88
22001100,0,0,0,201,400,0,0,204,1
220001100,0,0,7,10,7,0,0,1,1
21020100,1,0,0,1,0,10,0,382,1
12200100,0,0,0,0,598,37,0,2,1
22100100,1,0,0,0,1,16,0,748,1
211212000,0,0,0,0,0,0,31,1,1
110202000,0,0,124,0,25,0,0,0,1
121221000,0,0,0,0,0,0,0,1,1
200121000,0,7,4,0,0,0,1,16,1
122211000,0,0,0,0,0,0,17,2,3
2211000,0,33,0,0,0,0,1,1,1
221211000,0,0,0,0,0,0,352,1,0
200211000,0,0,722,0,0,0,172,8,1
102201000,0,1,0,0,43,0,1,10,379
21201000,0,0,0,0,2,0,2,223,1
201201000,0,0,0,0,1,0,1,0,285
120201000,0,0,2,0,1,0,131,2,1
101220000,0,1,0,0,0,181,0,1,0
12120000,0,0,0,0,0,20,1,4,4
210120000,0,0,1,0,0,1,1,1,1
121020000,0,0,0,1,0,1,1,1,1
10020000,1,0,1,1,0,1,1,1,1
12210000,0,0,0,0,0,1,7,373,50
22110000,0,0,0,0,0,754,10,0,1
220110000,0,0,154,0,0,6,1,1,1
112200000,0,0,0,0,148,31,1,355,172
211200000,0,0,0,0,31,1,22,61,0
122100000,0,0,0,0,0,0,145,0,0
221100000,0,0,0,0,1,8,1,1,467
102012120,0,1,0,1,0,0,0,0,370
101212020,0,1,0,0,0,0,1,0,0
20112210,1,0,397,0,0,0,0,0,1
20212110,0,0,0,0,0,0,0,0,307
120212010,0,0,1,0,0,0,6,0,2
22211010,0,0,0,0,0,0,2,0,48
202211010,0,298,0,0,0,0,13,0,0
220211010,0,0,1,0,0,0,1,0,1
101212200,0,1,0,0,0,0,0,1,1
12112200,0,0,0,0,0,0,0,19,1
210112200,0,0,0,0,0,0,0,29,1
121012200,0,0,0,2,0,0,0,16,136
12211200,1,0,0,0,0,0,0,358,1
102212100,0,1,0,0,0,0,0,1,217
120212100,0,0,556,0,0,0,0,1,1
122012100,0,0,0,1,0,0,0,1,1
122210100,0,0,0,0,0,400,0,1,7
121212000,0,0,0,0,0,0,9,0,1
212211000,0,0,0,0,0,0,412,3,10
>>>>>>> 672649f (optimisation)
